0.008986754156649113 0.017639978462830185
-0.017702589742839336 0.0463851548731327
-0.02968011163175106 0.06410183981060982
-0.032633000239729884 0.06761559173464775
-0.04107603393495083 0.08040078282356262
-0.045605122298002246 0.08999164700508118
-0.04799913614988327 0.09375658631324768
-0.054930129647254945 0.09944812506437302
-0.05605049878358841 0.10476090759038925
-0.05399321466684341 0.09820608645677567
-0.06181492283940315 0.11441606879234315
-0.05871667638421059 0.11382795721292496
-0.05977403372526169 0.11030243039131164
-0.06238169372081757 0.11378064006567001
-0.06218748912215233 0.11302835643291473
-0.06411129385232925 0.11791818886995316
-0.0619781605899334 0.11422229558229446
-0.06242982894182205 0.11657087951898575
-0.06257456913590431 0.11690692752599716
-0.06943189203739167 0.12844819128513335
-0.06420560255646705 0.11942015588283539
-0.06507943347096443 0.11890857815742492
-0.06505135595798492 0.1220627024769783
-0.0699230119585991 0.13095688223838806
-0.06831728965044022 0.12384881526231765
-0.06792463436722755 0.12278182506561279
-0.07085890546441079 0.13170256465673447
-0.0675931766629219 0.12396157830953598
-0.06870298981666564 0.1268814966082573
-0.06910527795553208 0.12855787575244904
-0.0677598275244236 0.12287728190422058
-0.06853014528751374 0.12535247802734376
-0.07051192075014115 0.13182408809661866
-0.06788168698549271 0.12628840357065202
-0.07147698774933815 0.13306689709424974
-0.07260149121284484 0.13393968641757964
-0.07052720487117767 0.12722883820533754
-0.07207400798797607 0.12713689506053924
-0.07131393551826477 0.13419348299503325
-0.06752535924315453 0.1262454003095627
-0.06775995343923569 0.12678500562906264
-0.0694609336555004 0.12849121987819673
-0.07090458944439888 0.13397344648838044
-0.07650132775306702 0.1401439756155014
-0.07262600660324096 0.13496612906455993
-0.07378883510828019 0.13580263555049896
-0.07518723905086518 0.1363835245370865
-0.07321375012397766 0.1342518374323845
-0.07224729657173157 0.12814390361309053
-0.07196583226323128 0.13281027376651763
-0.07168013229966164 0.13013166189193726
-0.07081827446818352 0.1334638327360153
-0.07246234118938447 0.13488593697547913
-0.07086689174175262 0.13348059952259064
-0.07015742063522339 0.13155860900878907
-0.07498471587896346 0.13922393172979355
-0.0735546588897705 0.13711516708135604
-0.07537781596183776 0.13866764605045317
-0.07183458358049392 0.1279836341738701
-0.07265849858522415 0.13443053662776946
-0.07344884574413299 0.1338518276810646
-0.07278316617012023 0.1347982630133629
-0.07382695823907852 0.13669688254594803
-0.07038859724998474 0.13196938186883928
-0.07292258590459824 0.1340319886803627
-0.0713376447558403 0.1334809496998787
-0.07131069749593735 0.12952486872673036
-0.07453551441431046 0.13281819820404053
-0.07221386954188347 0.13552745133638383
-0.0734607994556427 0.13802394270896912
-0.07226803749799729 0.13525280952453614
-0.0729820191860199 0.13588211685419083
-0.07171422466635705 0.13250430673360825
-0.07115749642252922 0.1309433624148369
-0.0745561808347702 0.1320295214653015
-0.07344895377755165 0.13614886552095412
-0.07156085595488548 0.1305384323000908
-0.07230276018381118 0.13272576481103898
-0.07625130116939545 0.13938456177711486
-0.07141610831022263 0.1354303777217865
-0.07347620725631714 0.13497846573591232
-0.07390224635601043 0.13337342739105223
-0.07568938881158829 0.1382747024297714
-0.07407155036926269 0.140760201215744
-0.07191944271326065 0.1313804492354393
-0.07273377627134323 0.1341974437236786
-0.07417461574077606 0.1357520192861557
-0.07138776928186416 0.1329788863658905
-0.07386920899152756 0.13797256648540496
-0.07383315563201905 0.13632063269615174
-0.07490750551223754 0.14044347405433655
-0.07322358340024948 0.1360592007637024
-0.07587198093533516 0.1440610930323601
-0.07363456636667251 0.13594527244567872
-0.0766695648431778 0.14741795957088472
-0.07316220924258232 0.13537516295909882
-0.07339786291122437 0.1334132194519043
-0.07599123865365982 0.13878345787525176
-0.06833112835884095 0.1280328169465065
-0.07367275059223174 0.1352509155869484
