-0.009198294067755342 0.03597204685211182
-0.03159090280532837 0.06396514549851418
-0.04238679856061935 0.07956546694040298
-0.04787308573722839 0.08879580646753311
-0.0547786757349968 0.10058963596820832
-0.060797350108623506 0.10937718152999878
-0.06371080353856087 0.11372977495193481
-0.06609915271401405 0.1146151840686798
-0.0682250440120697 0.12208346277475357
-0.06966025829315185 0.1274363100528717
-0.07059708535671234 0.1253197208046913
-0.07282207310199737 0.13255442529916764
-0.0736680805683136 0.13307880610227585
-0.07194051891565323 0.13042451590299606
-0.0715219259262085 0.12591054439544677
-0.07384304404258728 0.13183588087558745
-0.07015547305345535 0.1286674678325653
-0.07197109833359719 0.13230827152729036
-0.07223000675439835 0.13415587991476058
-0.07528964281082154 0.13628461658954621
-0.07555018067359924 0.13800763636827468
-0.07543254345655441 0.13432342410087586
-0.07253957092761994 0.1301136612892151
-0.07298850119113923 0.13098095953464509
-0.07498530447483062 0.13383481055498123
-0.07518167197704315 0.1390276938676834
-0.07914304733276367 0.1436683416366577
-0.07910318076610565 0.14393707513809204
-0.07733092904090881 0.1405408576130867
-0.07631175369024276 0.13763307332992553
-0.07890865951776505 0.14191117584705354
-0.07628056854009628 0.13868488669395446
-0.07779581099748611 0.14363083243370056
-0.07724344283342362 0.1398061841726303
-0.07759222090244293 0.14072438180446625
-0.07984781116247178 0.14920820891857148
-0.07933271825313568 0.14177175462245942
-0.07581563293933868 0.13706911653280257
-0.08047596961259842 0.14683510959148408
-0.08116399347782136 0.14896986186504363
-0.07909041792154312 0.14602893590927124
-0.07802891284227371 0.1404914528131485
-0.0797122910618782 0.14521011412143708
-0.07645869255065918 0.13885241746902466
-0.08058316707611084 0.1470792770385742
-0.08057294487953186 0.1450560510158539
-0.077486652135849 0.1444312274456024
-0.08025133609771729 0.14846387207508088
-0.0788435086607933 0.14551003277301788
-0.07860428988933563 0.1446293532848358
-0.078641377389431 0.14565786719322205
-0.0791257530450821 0.1484442502260208
-0.08403124511241913 0.15210707485675812
-0.07984295189380645 0.1482994943857193
-0.07855249494314194 0.14108313620090485
-0.0817445084452629 0.1477971613407135
-0.07945008277893066 0.1481841027736664
-0.0799839973449707 0.14497396647930144
-0.0773599922657013 0.14025031626224518
-0.07897737771272659 0.14541981518268585
-0.08248984664678574 0.15053272843360901
-0.07977773100137711 0.1427193447947502
-0.0826640859246254 0.150723797082901
-0.08180641233921052 0.1508337140083313
-0.08283940404653549 0.15082394182682038
-0.07735586166381836 0.14201946258544923
-0.0814406394958496 0.1528020203113556
-0.07854185551404953 0.1439672589302063
-0.07910673171281815 0.14605435132980346
-0.0782859429717064 0.1454156905412674
-0.07903486788272858 0.1414991021156311
-0.07935014367103577 0.14490624964237214
-0.07933493852615356 0.1466624468564987
-0.08215996026992797 0.1503908723592758
-0.0794471725821495 0.1437847763299942
-0.07999256402254104 0.14924390316009523
-0.08287636637687683 0.15435764491558074
-0.08215726166963577 0.15487091541290282
-0.08105545043945313 0.15212708115577697
-0.08073960989713669 0.14941965341567992
-0.081797556579113 0.1504570424556732
-0.0802583634853363 0.14671418964862823
-0.0819466084241867 0.15169293880462648
-0.08195446282625199 0.15098785161972045
-0.08169073313474655 0.1552593529224396
-0.08364149928092957 0.15673829317092897
-0.0833430215716362 0.1492314398288727
-0.08577688485383987 0.1580563634634018
-0.07961298376321793 0.14607321619987487
-0.08056221604347229 0.14637076556682588
-0.08022850155830383 0.1460997462272644
-0.08055191189050674 0.14869383871555328
-0.07837186902761459 0.14421828091144562
-0.08256818056106567 0.15250353515148163
-0.08142576366662979 0.1460912197828293
-0.08139441013336182 0.150386044383049
-0.08124395459890366 0.15277135074138642
-0.08095101863145829 0.15169757604599
-0.08221421241760254 0.15086187422275543
-0.08286246806383132 0.15363711714744568
