-8.195587433874624e-05 0.023001344315707682
-0.022113862680271268 0.04882728420197964
-0.032198024168610576 0.06278823986649514
-0.03656414039433002 0.07250322103500366
-0.050062180310487744 0.09173471480607986
-0.04950593784451485 0.08810832053422928
-0.05506443753838539 0.10095481127500534
-0.056257376074790956 0.1023068144917488
-0.06206494271755218 0.10905857384204865
-0.06324508264660836 0.10841487795114517
-0.06303507089614868 0.11463101655244827
-0.06409802362322807 0.11422760486602783
-0.06846299096941948 0.11910658925771714
-0.06937426179647446 0.12583229541778565
-0.07056810408830642 0.1262850880622864
-0.0679433137178421 0.12044039070606231
-0.06428908482193947 0.1146228164434433
-0.07016988396644593 0.125434772670269
-0.07073732614517211 0.12951180785894395
-0.07361758649349212 0.13273987621068956
-0.07189852073788643 0.1285606026649475
-0.07314084470272064 0.13027255237102509
-0.07336621284484864 0.13158121705055237
-0.07281924635171891 0.13225653618574143
-0.07136865705251694 0.1327805072069168
-0.07218168675899506 0.12956929355859756
-0.07331968620419502 0.13186703473329545
-0.07610299289226533 0.13968514204025267
-0.07331734746694565 0.13066650331020355
-0.07454006224870682 0.13597889095544816
-0.07132476270198822 0.13459716290235518
-0.07433027923107147 0.1335740640759468
-0.07483938485383987 0.13417755365371703
-0.07547564655542374 0.1362265795469284
-0.07597748190164566 0.1368044137954712
-0.07681835293769837 0.13799595087766647
-0.07753081619739532 0.1405786991119385
-0.07575847953557968 0.13736723363399506
-0.0786918044090271 0.14207949489355087
-0.07812940329313278 0.14259444326162338
-0.07697329297661781 0.14342296421527861
-0.0730771541595459 0.131671541929245
-0.07914129793643951 0.14123109877109527
-0.07465169355273246 0.13544884771108628
-0.07993458956480026 0.1455851525068283
-0.07690151780843735 0.14532554447650908
-0.07705109268426895 0.14262567162513734
-0.07785464674234391 0.14450314342975618
-0.07866545766592026 0.14530615657567977
-0.0740517720580101 0.13412205278873443
-0.0751874178647995 0.13461758196353912
-0.07818519175052643 0.14089270830154418
-0.07391083985567093 0.13496214300394058
-0.07675763368606567 0.1392710790038109
-0.07556558847427368 0.13803714364767075
-0.07864773273468018 0.14481064975261687
-0.07826432585716248 0.14762198328971862
-0.07653537690639496 0.14285780787467955
-0.07808735966682434 0.1412314385175705
-0.07533262521028519 0.1359572172164917
-0.08090212494134903 0.1447111964225769
-0.07719802260398864 0.1417371302843094
-0.07663818448781967 0.143988536298275
-0.07458114922046662 0.1341337352991104
-0.07976263016462326 0.14662732183933258
-0.07533276826143265 0.13660338073968886
-0.07859651595354081 0.14450528621673583
-0.07519209384918213 0.13541431576013566
-0.07818128168582916 0.1425277441740036
-0.07575334459543229 0.1398909419775009
-0.07839229106903076 0.14335402548313142
-0.07723412066698074 0.14339016377925873
-0.07746008038520813 0.13996850550174714
-0.07950717210769653 0.1468323290348053
-0.07732324451208114 0.14375777542591095
-0.08077485710382462 0.14863150417804719
-0.07725297957658768 0.1397773265838623
-0.07761117964982986 0.1409475952386856
-0.0809537261724472 0.1471639096736908
-0.07895919382572174 0.14507510513067245
-0.08033434599637986 0.14847619831562042
-0.07810576558113098 0.14159614741802215
-0.07318221032619476 0.13334932923316956
-0.07819709926843643 0.14417957365512848
-0.07599817663431167 0.13681232184171677
-0.0772097036242485 0.13910035341978072
-0.0791865572333336 0.14418782889842988
-0.07785387337207794 0.14153188467025757
-0.07746518775820732 0.14263830482959747
-0.07846855968236924 0.13776001036167146
-0.0732052206993103 0.13728741854429244
-0.07736088633537293 0.14017078131437302
-0.0810975506901741 0.14817632734775543
-0.08045938163995743 0.14985613971948625
-0.07632365077733994 0.13914719820022584
-0.08062683045864105 0.1467395007610321
-0.07821581810712815 0.1423980176448822
-0.08065609782934188 0.14610032141208648
-0.08019922077655792 0.14664401710033417
-0.08051167279481888 0.14730302691459657
