-0.000802806
-0.000771466
-0.000123229
-0.000278628
-0.000616219
0.00036802
5.775e-05
-0.000709246
-0.000708564
-0.000647253
-3.08071e-05
-0.000554907
-0.000431376
-0.000339485
-0.000523722
-0.000739523
-3.08071e-05
0.343778
-0.000523722
0.00116559
-0.000308071
-0.000338879
-0.000369686
-6.16143e-05
0.228688
-0.000616143
-0.000463092
-0.00046241
-6.16143e-05
-0.000554529
-6.16143e-05
0.221777
-0.000215726
0.00042728
-0.000154112
-0.000215726
-0.000308071
-6.16143e-05
0
-0.0004313
-1.515e-06
-0.000369686
-0.000216408
-0.000338879
-0.000184919
0.04413
-0.000338879
0.00943185
-0.000154036
-0.000123229
-0.000154036
-0.000215726
0.218574
0.0499926
-0.00033903
-0.000523722
-0.000277264
0.00577584
0.0292036
-0.000248123
-9.24214e-05
-0.000554529
0.0103822
-0.010722
-0.000277492
-0.00021565
0.14827
-0.00668538
-6.16143e-05
-0.00234134
0
0.115329
-0.0392098
0
-0.0173763
0.023358
-0.000462865
-0.0100127
0
0.218977
0.00196393
-0.0052901
-0.00437461
-0.115523
0.16073
-0.000277871
-0.0107356
-0.00301918
-0.0250788
-0.0136984
-0.000524252
-0.00456203
-0.000955022
-0.0109366
-0.0138125
-0.000277264
-0.00450299
-0.00194085
-0.00640789
-0.00678595
-0.000338955
-0.00363691
-0.00505237
-0.00422444
-0.00030951
-0.00246661
0
-0.0034349
-0.000277643
-0.00086313
-0.07544
-0.00425873
0.00850796
-0.00120246
-0.0261864
-0.000677985
-0.00194252
-0.00948868
-0.000493974
-3.08071e-05
-0.000338879
-0.000123229
-9.24214e-05
-0.0004313
0.00365575
-0.000154036
-0.000184843
-0.000154036
-0.000277264
0.0691736
-0.000184994
-0.000123607
-0.000154036
-0.00021565
-0.000369837
0.00282676
-0.000246685
-0.000215726
-0.000184843
-0.000154036
-0.000493066
0.00808122
-0.000463848
-0.000185145
-0.000308071
-0.000277416
-0.000369837
0.0045783
-0.000277567
-0.000123229
-0.00033903
-0.000154263
-0.000524555
0.0166856
-0.000185752
-0.000123229
-0.00055468
-0.000246685
-0.000400948
0.0017199
0.000368096
-6.16143e-05
-0.000123229
-0.000431376
-0.000308299
0.00645239
0.000490946
-0.000369686
-9.24214e-05
-0.000277264
-0.000186812
0.00156563
0.000184388
-0.000154112
-0.000369762
0.000153278
0.000644223
-0.0004313
-0.000124895
0.198412
-0.0113641
-0.0292197
0
-0.00641885
0.00580725
0.0026194
-0.0955973
-0.00394339
-0.00462547
-3.08829e-05
-0.000308071
-0.00653141
-0.0329688
-0.00252619
-0.00123244
-0.000184843
0.0127831
-0.00329727
-0.0192868
-0.00117067
-0.0015723
-0.000246457
0.000644905
-0.00375885
-0.00616188
-0.00144794
-0.00147897
-0.000770179
0.00150539
0
-0.00865696
-0.00243376
-0.00138648
0
6.1159e-05
0.027646
-0.013402
-0.00123229
-0.000308148
0.066103
0.000245472
0.131846
-0.0228333
-0.00508379
-0.000431451
0.214455
0.00798941
-0.0325668
0.180293
-0.00412906
-0.000924214
0.0784194
-6.1917e-05
0.384366
0.0199724
-0.0255083
0.00448565
-0.0023375
-0.000308071
0
-0.00933502
-0.0774302
-0.00819478
-0.035339
-0.0021886
-0.0233534
-0.00292683
-0.00412816
-0.048227
-0.0016648
-0.0132166
-0.00237215
-0.00120148
-0.0339304
-0.000647863
-0.00394355
-0.000616143
-0.0013864
0.0002626
-0.000431906
-0.00459042
-0.000677757
-0.0017252
-0.0436258
-0.000279233
-0.00268052
-0.000708564
-0.000924214
-0.0195323
0.000643924
-0.00184843
-0.000400493
-0.000677833
-0.00597674
0.00116408
-0.00126309
-0.000308071
-0.00114002
-0.00428219
0.00079553
-0.00203335
-0.000369762
-0.000801062
-0.000770179
0.0106896
-0.000277264
-0.00107848
0.251855
-0.00135567
-0.000400493
-0.000585336
-0.000955177
-0.000400493
-0.0008626
-0.000554529
-0.00160213
-0.000400493
-0.000184843
-0.000955177
-0.000616143
-0.00021565
-0.00052804
-0.000985829
-0.0004313
-0.00188083
-0.000369686
-0.000154036
0.0272446
-0.00147882
-0.00043236
0
-0.000770255
-0.0004313
-0.058177
-0.000803179
-9.3558e-05
-0.00123274
-0.00046241
-0.00114251
0
0.00128852
-0.000677909
0.063023
-0.000123531
0.0110001
0.0026108
-0.00064695
-0.00391258
0.134004
0.00264093
-9.24976e-05
0.0062985
0.0394266
-0.000677833
-0.0197496
0.0602532
-0.000554529
-0.000154036
0.0104781
0.0176697
0
-0.0278284
-0.01235
-0.000400493
-0.000154036
0.0159786
0.0266115
0.075091
0.325228
-0.00187251
-0.000492914
3.0428e-05
0.106236
0.00064377
-0.0449191
0.351951
-0.00552547
-0.000585412
0.000675261
0.0147496
-0.000123305
-0.0154345
-0.0031514
-0.00364115
0
-0.00012338
0.0394875
-0.000492991
-0.00197166
0.0923307
-0.00308283
0.085361
0.0010133
0.00113532
-0.000338879
-0.00345055
0.0302382
-0.00231213
0.184831
-9.24214e-05
-0.000246533
-0.000154036
-0.00308071
0.109256
0.0317211
-0.000154036
-0.000492914
0.0787236
-0.000154036
0.0009926
-0.0101854
-0.000524479
-0.00271671
-0.000986134
-0.00508575
-0.000677757
0.0139937
-0.000400644
-0.00218761
-0.000862751
-0.00237253
-0.00064695
-0.00126317
0.0182187
-0.00107825
-0.000124592
-0.000554529
0.00682003
-0.00126355
-0.000246457
-6.16143e-05
0.00011974
-0.000277264
8.879e-05
-0.00120148
-0.000154036
-0.000431376
-0.00237223
0.000582233
0
-3.08071e-05
-0.000770255
-0.00243376
-0.000277264
-0.000154036
-0.073841
-0.000893407
-0.000277264
-0.000400493
-0.00117067
-0.000338879
-9.09e-07
0.0039856
-0.000308071
-0.000185298
-0.000554529
-0.00554703
-0.000246457
-6.169e-05
-0.00807216
-0.000523722
-6.169e-05
0
-0.00761141
-0.000616219
0.0032872
-0.00837984
-6.16143e-05
0.000306026
-0.0922465
-0.0075141
0
-0.000123229
-0.00462107
-0.000308071
-0.000246533
-0.0276975
-0.009936
0.027537
-0.000154036
-0.00184851
-9.24214e-05
-0.01334
0.137967
-0.0044997
-9.24214e-05
-0.0012939
-3.08071e-05
0.223898
-0.0013662
-0.0004313
-0.00178681
-0.000123229
0.0432328
0
-0.000492914
-0.000154036
-0.0527139
-0.000123229
-0.000739674
-0.00625408
-0.000770255
-0.00141909
0
-0.000955177
0.0388053
-0.12473
0
0.00116628
-0.0336108
0.031726
0.0435744
-0.0185772
0.182707
0.000520763
0
0.13645
0.00116665
-0.053999
-0.0084077
3.0126e-05
-0.0327534
-0.0105175
-6.2069e-05
0
-0.00653665
0.00208845
-0.111831
-0.000123835
-0.000185145
-0.000369762
-9.3406e-05
-0.000154869
0
-0.000585487
-0.000154414
0.053743
0.00150341
-0.083527
0
0.000213984
0.29119
-0.000154036
-0.0181184
-0.104073
9.1437e-05
0.187532
-0.00027734
-0.0111243
-0.0263451
0.00230266
0.206992
-9.24214e-05
-0.00573157
-0.00647147
0.00193487
0.00208436
-0.000246533
-0.0032978
-0.00468443
-6.2372e-05
2.793e-05
-6.16143e-05
-0.00225081
-0.00320493
-0.000216408
0
-0.000184919
-0.00326874
-0.0018186
-0.000616673
-0.124108
-0.0004313
-0.00145029
-0.000771918
-0.0347892
-0.00055468
-0.00138852
-0.0488109
-0.000277492
0.293848
-0.000493217
-0.0114459
-0.0197611
0.261373
0.0027008
-0.00561516
-0.000154036
-0.0138978
0
-6.1993e-05
-0.00465574
-0.000277264
0
-0.042368
0.00749748
-0.00175661
-0.000554529
-0.057032
-0.0122621
-6.2372e-05
-0.00209526
0
-0.0282717
-0.00699345
0.00021459
-0.00166382
0.012572
-0.012818
-0.00240296
-0.00012338
-0.00163286
0.095616
-0.0129118
-0.00144801
3.0428e-05
-0.000431528
0.0864208
-0.0214744
-0.000800986
0.00147466
-0.000770179
-0.0057493
-0.022873
-0.000800986
-0.0010476
-0.0133521
-0.00160197
-0.00595524
-0.00117075
-0.00135551
-0.0021263
-0.000369686
-0.00104744
0.0102594
-0.00175631
-0.000554605
-0.000770557
-0.000554529
0.00343888
-0.000369837
-0.00101793
-0.000215953
-0.00144839
-0.000462107
0.0650234
-0.000678595
-0.0013584
-0.000401478
-0.000462865
-0.000831793
0.000706596
-0.000246608
-0.00117136
-0.000400872
-0.000463319
-0.000400493
0.00221191
0.00122706
-0.00092527
-0.000124137
0.00386898
-0.000647026
0.000121865
-9.3028e-05
0.00454439
0.00384014
0.000121865
-0.00104744
0.000736346
-0.000124214
-0.000277643
-3.10348e-05
0.000183177
-0.000955098
-6.18418e-05
-3.1716e-05
-0.0005241
0.00015343
0.000275977
-0.00176085
9.121e-05
0.0154546
-3.03e-07
0.000582608
6.0478e-05
0.152971
-0.000247063
0.210831
-0.0250224
-0.0163705
-0.00191216
-0.00908856
0
0
-0.00619231
0.040093
0.048853
-0.00264949
-0.0329371
0.129914
-0.00135551
-0.00853726
0.0423477
-0.000677757
-0.00795013
0.0253922
-0.00101664
-0.0078636
0.00041872
-0.00123229
-0.00264957
-0.00459474
-0.000893407
-0.0026806
0.0147327
-0.00169455
-0.00144823
-0.00209526
-0.000739372
-0.000677833
-0.00893423
-0.00110921
-0.0155693
-0.000801137
-0.000123229
-0.0125387
0.019753
-0.000862828
-0.0047833
-0.000338879
-0.000123229
-0.000277264
-0.000154036
-0.014862
0.0264508
-0.000985909
0.00123637
0
-0.0004313
-0.000123229
-0.000770255
0.252432
0.0864725
-0.000523722
-0.00829397
-0.0451557
-0.000308071
-0.000184843
-0.000739448
0.044585
0.0196613
-0.00064695
-0.00366931
-0.0094395
-0.00021565
-0.000246457
0.0001507
-0.0207639
0.0056797
-0.000831869
-0.00271315
0.0102522
-0.000154036
-9.24214e-05
0.00187037
-0.0289742
0.00715632
-0.000123229
-0.00203494
0.0019537
-0.00021565
-0.000492914
0.348325
-0.015716
0.0516214
-0.000462259
-0.000801137
-0.00612278
-0.000246457
-0.00021565
0
-0.00465302
-0.0006191
-2.5e-06
-0.00123258
-0.0002443
-0.000184843
-0.000123531
-0.025568
-0.00379042
-0.000462941
-0.000985829
0.00413669
-6.2296e-05
-0.00690133
-0.000709395
-0.00336805
-0.00532964
-0.000770179
-0.00132471
-0.0010183
-0.000955022
0
-0.00194426
-0.0003432
0.008836
-0.00403952
-0.001264
0.184927
0.125246
0.012902
0.177626
-0.00126567
-0.00117189
-0.0125987
0.00254533
-0.00080629
-0.00660655
-0.000370671
0
-0.00836857
-0.000832546
0.047608
-0.00447824
-0.000554605
-0.00058905
-0.000955022
-0.00021815
-0.00446704
-0.00243376
0.0290281
-0.000616143
0.0130998
0.013346
-0.00113986
-0.00123229
0.00889918
0.00016235
-0.0298279
-0.000585336
-0.000184919
-0.0008626
-7.42e-06
0.00437926
-0.0128326
0
-0.000308148
-0.000215801
-0.00163278
0.00054354
0.00540282
-0.00805828
-0.070456
-0.000585336
-6.18418e-05
-0.00218731
0.00128587
-0.00086972
0.0042497
-0.0243432
-0.000585336
-0.000308148
-0.00135551
-0.00139034
-0.000926566
0.0020952
-0.0111428
-0.000369686
-0.000123305
-0.00856552
-0.00212751
-0.000524782
-0.0038964
-0.00318957
-0.000647101
-3.79e-07
-0.0134953
-0.00071129
-0.000216861
-0.00020211
-1.924e-05
-0.00055468
0.00079796
-0.00160409
-0.000154036
0.00133976
0.0199745
-0.000369988
-3.10348e-05
-0.000431451
-0.0026283
0.0106859
-0.000893783
0.000153127
-0.00215915
0.00600474
0.000153278
0.0115681
-0.00330053
0
-0.0014185
0.136688
-0.0207839
-0.00222107
-0.000585487
-0.00697646
-0.00277453
-0.000308602
-0.0046213
-0.000678515
-0.0004313
-0.0026803
-0.00194138
-0.0010784
-0.0034504
0.00905134
0
0
-0.000616219
0.010917
-0.011995
0.0002429
0.176393
-0.0343624
-0.000339181
0.123808
-0.017348
-0.010472
-0.00650273
-0.00176003
-0.00062099
-0.00053077
-0.000864416
-0.00019105
-0.043375
0.00168462
-0.00052827
0.0853317
-0.029554
0.0359716
0.00097765
0.00180793
0.232704
-0.00055749
0.0114276
0.00469668
-0.0581504
-0.00012603
0.0405866
0
-0.010722
0.00408198
0.00251641
-0.0887375
-0.00964324
-0.00027734
0.00405382
-0.0507888
-0.00360489
-0.000647178
0.0275016
-0.0750342
-0.00268052
-0.000246608
0.000582763
-0.0261458
-0.000585336
0.000428043
-0.00117075
0.0910401
-0.000215726
0.416867
-0.000955098
-0.000739523
-0.00400864
-0.0210758
-0.00523775
-0.00037287
-0.00305157
-0.00285253
-0.00406776
-0.000339257
-0.000801062
-0.00576419
0.0492793
0.00534575
-0.00117105
0
0.163171
-9.09e-07
-0.00107863
0.0674
0.0582828
0.0001831
-0.000985909
-0.032249
0
-9.25732e-05
-0.000123456
-0.0316953
-0.0827615
-0.000185298
-0.000523798
-0.0037135
-0.0323529
0.00138177
-0.000647026
-0.013464
-0.000123305
-0.000955629
-9.2876e-05
-0.000585866
-6.18418e-05
-9.24214e-05
0.00030436
-3.2701e-05
-0.000278022
0.428162
-0.000338879
-0.000677909
-0.00018507
0.0936356
-0.00092679
-9.24976e-05
-0.000246533
-0.000369686
-0.000277492
-0.00110943
-0.000123229
-0.000647026
-0.000154112
-0.000308526
-0.000369837
-9.24214e-05
-0.000523798
-0.000369988
-0.000123456
-0.000554756
-0.000246457
-0.000123229
-0.000123305
-0.00018507
0
0
-0.000400493
-0.000462107
-9.24214e-05
0.169126
-0.000154036
-0.00021565
-0.000339181
-0.000400644
-0.0418374
-3.08071e-05
-0.000369686
-0.000555816
-0.00674677
-0.000277264
-0.00563771
-0.00120148
-0.000585336
-0.00101671
-0.000770179
-0.00104744
-0.00120148
-0.000462107
-0.000770179
-0.00064695
-0.00209534
-0.00126309
-0.00157116
-0.000585336
-0.00037491
-0.000925123
-0.00209595
-0.000986056
0.00109406
0.00248561
-0.000832172
-0.000369762
-0.00264965
-0.000955246
-0.000400569
0.00626633
-0.00107893
-0.00033903
-0.000585412
-0.00252944
6.0554e-05
0
-0.00382009
-0.000862983
-0.000739674
-0.00033956
-0.000801137
-0.00114259
-3.2171e-05
-0.0801079
-0.00163278
-0.000770709
-0.000616219
-0.000308374
-0.000708641
-0.00178864
0.00998439
-0.0267439
-0.00101664
-0.000493748
-0.000431528
0.00236442
-0.000215726
-0.0004313
0
-0.0138972
-0.00120148
-0.000741648
-0.000184843
0.0997762
-0.000523949
-0.000862828
-0.0688874
-0.00548383
-0.00064695
-0.000986733
-0.000523722
0.00091793
-0.000340549
-0.000739599
-0.0160218
-0.00317321
-0.000924214
-0.00141811
-0.000492914
0.00067215
-0.000339106
-0.00101671
-0.00764017
-0.00264965
-0.000770179
0.0573323
-3.08829e-05
-0.000400493
0.0038085
-0.000338879
-0.00496011
-0.000616219
-0.000462107
-0.000493823
-0.000492991
-0.000308071
-9.3028e-05
-0.000339106
-0.00126317
-0.000338955
-0.000156455
-9.24214e-05
-0.000831869
-0.000523798
-0.0004313
0.168408
0.0821154
-0.00311334
0.187219
0.0044105
-0.000185677
0.0052156
-0.000955403
0.297124
0.00088553
-0.00132577
0.0028226
-0.00225112
-0.000708641
0.0129946
0.0286313
-0.000739448
-0.00107863
-0.000523798
-0.000400493
-0.00154112
-0.00110906
-0.000554529
0
-0.000492914
-0.00101671
0.071375
-0.000739372
0.221152
0.251955
0.15966
0.0875316
-0.00135628
0.0420356
-0.000955177
-0.000400569
-0.000739674
-0.0007132
-0.00110929
-0.000338879
-0.000864642
-0.000647405
0.00129027
-0.00324763
-0.000369686
-0.000123229
-0.00028135
0.0027612
0.00061183
0.00156685
-0.000308223
-0.00191444
-0.000400569
-0.000184843
-0.000184919
0.193004
0.000183404
0.000675712
-0.000277567
-0.00080462
-0.00064695
-0.00021565
-0.000924291
0.00079205
0.000151763
0.00261179
-3.10348e-05
-0.000740509
-0.000616219
-3.08071e-05
-0.000862751
0.00165564
0.000858658
-9.24214e-05
-0.000154112
-0.00098856
-0.000154036
-0.000338955
-0.000831869
0.00943041
0.0120451
-0.000154112
-0.000154036
8.962e-05
-0.000492914
-0.000246836
-0.000369686
-0.000369988
0.0230477
-0.000123305
-0.00021565
-0.000585336
0
-0.000708564
-0.000616522
0.0233538
-0.000184843
-0.000554605
9.1361e-05
-0.00064695
-0.000185298
0.0120443
-6.16143e-05
-0.000246608
-0.000184843
-0.000616294
-6.16143e-05
-0.00110951
-0.000184843
0.0262082
-0.00030845
-0.000246533
-0.00789388
-0.00215658
-0.000246685
-0.00641686
-3.1186e-05
-0.00163293
-0.000247063
-0.00601163
0.0709259
-0.00194085
-0.000308148
-0.00342247
-0.000154036
0
0.0132089
-0.0013562
-3.09586e-05
0.203451
-0.000677909
-0.00215824
-0.000369686
-0.0497904
-1.288e-06
-0.00271239
-0.000677757
-0.0128207
-0.000431451
-0.0006169
0
-0.00560698
-0.000770857
-0.0017878
0.001335
-0.00351209
0.00527332
0.144813
-0.00326556
0.249319
-0.000431451
-0.0371656
-0.00021565
0.000275598
-0.00104752
-0.0280676
-0.000708564
0.000337136
-0.000524024
-0.000677833
-0.0109063
-0.000308071
-0.000400493
-0.000462713
-0.000462183
-0.00409743
-3.08071e-05
-0.000338879
-0.000277264
-0.000523949
-0.001941
-0.00021565
-0.000338879
-0.000338879
-0.000215726
-0.00178681
-0.000246685
0
-0.00027734
-0.000678663
-0.000585336
-6.16143e-05
-0.00021565
-0.00021565
-0.000955022
-0.000432436
-0.000308071
-0.00033903
-0.000492914
-0.000708641
0.00095055
-0.000123229
-0.000123229
-0.000400493
-0.000277264
0.00801505
-0.000338879
-0.00021565
0.0058675
-0.00021565
0.109429
-0.00018507
0.225225
-0.0071786
0.00860229
-0.000369913
-0.0133828
-0.00264949
-0.00342088
-0.000400493
0.000274161
-0.0119539
-0.00385105
-0.00317351
-0.000400493
-9.2876e-05
-0.00431573
-0.00548405
0.0220836
-0.000554529
0.00660605
-0.00563869
-0.0054839
0.00139652
-0.000955098
2.9596e-05
0
-0.016702
0.148302
0
0.00104381
0.147192
0.0064411
0
0.064094
-0.000123305
0.193102
0.0497899
-0.075718
0.188989
0.000214969
0.142283
0.353504
-0.0481945
0.258947
0.00184366
0.0103085
-0.0128779
-0.000154187
-0.00887269
-9.24214e-05
0.00632196
-9.24214e-05
-6.16143e-05
0.169796
-0.00505237
-6.16143e-05
-0.000369686
0.012248
-0.0186389
-9.24214e-05
-0.000123305
0.0154205
-0.0281281
-3.08071e-05
-0.000462183
-0.00101701
-0.0374062
-6.17662e-05
-0.000246608
-0.000708641
0.118736
-3.08071e-05
-8.34e-07
0
0.374035
-0.000154036
-0.000462259
-0.028748
-0.0401397
-0.000154036
-0.000341079
-0.0200259
-0.0098539
-0.00027734
0
-0.00970486
-0.00822824
-0.065063
-0.00154112
0
0.002866
-0.00154324
-0.0167958
0
-0.00804203
0.018888
-0.00952535
-0.0298705
-0.00252626
-0.0121016
-0.00197181
-0.00373016
-0.000831793
-0.00536241
-0.000400493
-0.0044429
-0.000308071
-0.00154051
-0.00228003
-0.000862903
0.000551878
-0.00110913
-0.000801589
-0.000277946
3.0428e-05
-0.000277264
-0.000739448
-0.000369686
-0.000123229
0.0992283
0
0.000153278
-0.000647101
-0.000431376
-0.000369837
-0.000585412
0.00491468
-0.134547
0.00279535
-0.000678742
-0.000585563
-0.000493293
-0.000338955
0.00374756
-0.0345669
-9.28e-05
-0.000369762
-0.00064695
-0.00027734
-0.000123229
0.00064286
-0.0128468
0.00279474
0.000859111
-0.000462789
-0.000554831
-0.000246457
0.010228
-0.00585336
-0.000523722
-0.00024676
-0.000494579
-0.000555059
-0.0004313
0.201
-0.00107825
-0.00027734
-0.000123759
-0.000155399
-0.000247215
-0.000400493
0.0212557
-0.00200246
-0.000184843
-0.000246533
-0.00034153
0.00165707
-0.000123229
0.107026
-0.00117067
-0.0008626
-0.000216105
0.00064263
0.000736721
-0.00101693
-0.00363524
0.00273373
0.00153543
-0.00483672
-0.00034145
-0.000554831
-0.0087254
0.00079637
-0.00701666
-0.000555135
-0.00109279
-0.0011099
0.0040295
0
0.00455913
0.029239
0.00441904
0.157889
0.00020474
0.137768
0.194782
-0.0097535
-0.00046468
0.00319175
