-0.07733871936798095 0.1620978444814682
-0.09313433021306991 0.19724154472351074
-0.0798877865076065 0.158294677734375
-0.07572131901979447 0.14234905540943146
-0.06992264837026596 0.13482680916786194
-0.08689765781164169 0.17272104024887086
-0.0645379014313221 0.12337111383676529
-0.06593840718269348 0.12436778098344803
-0.07665905803442001 0.1447717696428299
-0.08016000688076019 0.15440853238105773
-0.07264128923416138 0.13976369500160218
-0.07923639863729477 0.15085940659046174
-0.08080385774374008 0.1555388331413269
-0.07360675483942032 0.1364355579018593
-0.07973594516515732 0.15757221281528472
-0.0816808059811592 0.16175220012664795
-0.09073772132396699 0.17792752981185914
-0.07354440242052078 0.13780977427959443
-0.08492118418216706 0.1661309063434601
-0.08254981637001038 0.15693401098251342
-0.0831214115023613 0.15821506679058076
-0.08554604798555374 0.16760230660438538
-0.08232382833957672 0.1546302318572998
-0.083917036652565 0.16097966432571412
-0.08599594086408616 0.1676608443260193
-0.0815607950091362 0.15416674315929413
-0.07188186943531036 0.13337275832891465
-0.07357694953680038 0.1418415606021881
-0.0913372814655304 0.17983095347881317
-0.07884732633829117 0.1488532841205597
-0.08125249743461609 0.15671742856502532
-0.08120824098587036 0.15063569247722625
-0.0819514587521553 0.1596464157104492
-0.07772358506917953 0.146402907371521
-0.07440871596336365 0.13854242712259293
-0.07346532046794892 0.14025599211454393
-0.07653433382511139 0.14369830787181853
-0.08138934969902038 0.156775826215744
-0.0811670482158661 0.15309131443500518
-0.08596999198198318 0.16516677737236024
-0.08087073266506195 0.15764229297637938
-0.08076760470867157 0.15345457196235657
-0.07435081601142883 0.13830058574676513
-0.07480100989341736 0.1450826644897461
-0.07702642381191253 0.14506057798862457
-0.06733699068427086 0.12623806297779083
-0.07840402871370315 0.149217426776886
-0.08210633397102356 0.15669260025024415
-0.07998236119747162 0.154743891954422
-0.07791913598775864 0.14467397034168245
