-0.06997650489211082 0.15178613364696503
-0.08457660675048828 0.17144187688827514
-0.082462640106678 0.1654793441295624
-0.07456524968147278 0.1514901727437973
-0.08484803289175033 0.1675853669643402
-0.08514717370271682 0.17357731163501738
-0.09182016253471374 0.18443032801151277
-0.07996304333209991 0.15719110071659087
-0.09340679198503495 0.18908376395702362
-0.09009804129600525 0.1763611078262329
-0.09140139073133469 0.18479101061820985
-0.0847717583179474 0.16896027326583862
-0.09749599248170852 0.199787837266922
-0.08781438618898392 0.17518804967403412
-0.0857039824128151 0.16791199445724486
-0.09434667229652405 0.18591808676719665
-0.0952203169465065 0.19584039449691773
-0.07857720106840134 0.149120756983757
-0.07951870411634446 0.15525736212730407
-0.0903915748000145 0.1783014267683029
-0.08989290446043015 0.1707972228527069
-0.0908576413989067 0.17470310032367706
-0.08215853422880173 0.15920805931091309
-0.09071022272109985 0.17636384963989257
-0.0877177283167839 0.17163437604904175
-0.09380961209535599 0.1847004473209381
-0.08178907334804535 0.15179696381092073
-0.0895743727684021 0.17172141075134278
-0.09062959849834443 0.18081726133823395
-0.09232905358076096 0.1845734864473343
-0.08158125281333924 0.15950568318367003
-0.0890017107129097 0.17531382143497468
-0.0904610350728035 0.17391948401927948
-0.0855625331401825 0.16850446164608002
-0.08879486322402955 0.17216420471668242
-0.09018765836954117 0.17687681913375855
-0.08861800879240037 0.16970441341400147
-0.08058171421289444 0.15283388495445252
-0.08727341145277023 0.16997855603694917
-0.0792599692940712 0.15045818388462068
-0.07576860934495926 0.14174778163433074
-0.07537350505590439 0.14344090074300767
-0.08532435148954391 0.16238173246383666
-0.08189027458429336 0.1553976982831955
-0.08800702542066574 0.17265503406524657
-0.08787653893232346 0.17445776164531707
-0.0830249845981598 0.1612689733505249
-0.09055778235197068 0.17760947346687317
-0.08542447537183762 0.16479018032550813
-0.09352421760559082 0.18783784806728362
