0.0031022988725453613 0.02167938370257616
-0.017437615990638734 0.04419131353497505
-0.031297812983393666 0.06075945124030113
-0.04043167680501938 0.07702762633562088
-0.0477578341960907 0.08438744395971298
-0.04975301846861839 0.09117214828729629
-0.0507087878882885 0.09673517942428589
-0.05652869045734406 0.10103831589221954
-0.058778291940689086 0.10395943820476532
-0.05889394581317901 0.10619639009237289
-0.06336585134267807 0.11068488210439682
-0.0625073678791523 0.11493469923734664
-0.06367939338088036 0.11316479295492173
-0.06827337443828582 0.12121976017951966
-0.06834589317440987 0.12344708889722825
-0.06599051877856255 0.11642952114343644
-0.07030432224273682 0.12514330297708512
-0.06872000992298126 0.12838631570339204
-0.07378216683864594 0.1350566878914833
-0.06997366696596145 0.12695060521364213
-0.07122335284948349 0.12502047419548035
-0.06757379546761513 0.12114813923835754
-0.07319815084338188 0.13127944469451905
-0.07246358245611191 0.12941661924123765
-0.07203276306390763 0.1292887195944786
-0.07247415333986282 0.12769895493984224
-0.07116511091589928 0.1295724853873253
-0.07201481983065605 0.13257153034210206
-0.07576241195201874 0.13270233720541
-0.07513901144266129 0.13650846779346465
-0.07093027681112289 0.12810567021369934
-0.07255652099847794 0.13236164897680283
-0.0769538015127182 0.14030892699956893
-0.07490323036909104 0.1338746130466461
-0.07314447909593583 0.13201769739389418
-0.07859597653150559 0.1445367693901062
-0.07665185034275054 0.1403021737933159
-0.07588939368724823 0.13739364892244338
-0.07604444772005081 0.13747468292713166
-0.07344019263982773 0.13045459240674973
-0.07646322846412659 0.13919272273778915
-0.07618429958820343 0.13689358830451964
-0.07488450109958648 0.13609954118728637
-0.07811232805252075 0.14163124412298203
-0.07662525326013565 0.13899050652980804
-0.07556085735559463 0.1369961306452751
-0.07777751237154007 0.14164201617240907
-0.07814537286758423 0.14243333637714387
-0.07661877125501633 0.14002637267112733
-0.07806666195392609 0.14094533026218414
