-0.0099550717510283 0.06977424025535583
-0.020635813102126123 0.06604638993740082
-0.010517752263695002 0.053028857707977294
-0.016115927137434483 0.059603558480739595
-0.01409657672047615 0.056432172656059265
-0.01375499852001667 0.049563775211572646
-0.013266050536185504 0.05169520750641823
-0.019185450114309787 0.059080542623996736
-0.020178234949707986 0.06504690945148468
-0.022114354372024535 0.06475269794464111
-0.013894097879529 0.053174927830696106
-0.013881208561360835 0.05196462571620941
-0.02267194502055645 0.06301208212971687
-0.014021732099354266 0.051340854912996295
-0.004956730024423451 0.0412793330848217
-0.022104510664939882 0.06413433849811553
-0.017128169909119605 0.05692934021353722
-0.014957386627793312 0.054189331084489825
-0.014799009636044502 0.05433806627988815
-0.016801035031676292 0.056477952748537064
-0.020247020572423936 0.06007292345166206
-0.01805207896977663 0.05792015492916107
-0.016928618401288988 0.05583677440881729
-0.02199223153293133 0.06733908131718636
-0.016097766533493995 0.05457445457577705
-0.021613932400941848 0.061695420742034913
-0.016846923530101775 0.05374535769224167
-0.0192418048158288 0.05691867545247078
-0.023170309141278267 0.06279166266322136
-0.017808365263044836 0.05430639758706093
-0.01913600005209446 0.06135934516787529
-0.008003144385293126 0.04387451410293579
-0.02517017014324665 0.0685369461774826
-0.014091661386191844 0.05211323201656341
-0.02084896042943001 0.06223597750067711
-0.015678422711789607 0.05215181335806847
-0.01751059852540493 0.05392944142222404
-0.02017884887754917 0.05962280854582787
-0.02121794130653143 0.06127491220831871
-0.019409296102821827 0.05472062081098557
-0.014178659953176975 0.04697285443544388
-0.014334051683545113 0.05328017622232437
-0.01855997983366251 0.05991600453853607
-0.01101499367505312 0.04663318246603012
-0.014992340840399266 0.05149443596601486
-0.0066723805386573075 0.04159652069211006
-0.019565382227301597 0.0611676387488842
-0.024255818501114846 0.06532006487250328
-0.008651870582252742 0.04439215511083603
-0.012679344415664673 0.04991521239280701
